static WORD _based (_segname ("_CODE")) StpTab[] = {
	    4,	    4,	    4,	    4,	    5,	    5,	    5,	    5,
	    5,	    5,	    6,	    6,	    6,	    6,	    6,	    7,
	    7,	    7,	    7,	    7,	    8,	    8,	    8,	    8,
	    9,	    9,	    9,	   10,	   10,	   10,	   11,	   11,
	   11,	   12,	   12,	   13,	   13,	   13,	   14,	   14,
	   15,	   15,	   16,	   16,	   17,	   17,	   18,	   19,
	   19,	   20,	   21,	   21,	   22,	   23,	   23,	   24,
	   25,	   26,	   27,	   28,	   28,	   29,	   30,	   31,
	   32,	   34,	   35,	   36,	   37,	   38,	   40,	   41,
	   42,	   44,	   45,	   47,	   48,	   50,	   51,	   53,
	   55,	   57,	   59,	   60,	   62,	   65,	   67,	   69,
	   71,	   74,	   76,	   79,	   81,	   84,	   87,	   90,
	   92,	   96,	   99,	  102,	  105,	  109,	  113,	  116,
	  120,	  124,	  128,	  133,	  137,	  142,	  146,	  151,
	  156,	  161,	  167,	  172,	  178,	  184,	  190,	  196,
	  203,	  210,	  217,	  224,	  231,	  239,	  247,	  255,
};

static short _based (_segname ("_CODE")) DltTab[] = {
	    4,	   12,	   20,	   28,	   36,	   44,	   52,	   60,
	   -4,	  -12,	  -20,	  -28,	  -36,	  -44,	  -52,	  -60,
	    4,	   12,	   20,	   28,	   36,	   44,	   52,	   60,
	   -4,	  -12,	  -20,	  -28,	  -36,	  -44,	  -52,	  -60,
	    4,	   12,	   20,	   28,	   36,	   44,	   52,	   60,
	   -4,	  -12,	  -20,	  -28,	  -36,	  -44,	  -52,	  -60,
	    4,	   12,	   20,	   28,	   36,	   44,	   52,	   60,
	   -4,	  -12,	  -20,	  -28,	  -36,	  -44,	  -52,	  -60,
	    5,	   15,	   25,	   35,	   45,	   55,	   65,	   75,
	   -5,	  -15,	  -25,	  -35,	  -45,	  -55,	  -65,	  -75,
	    5,	   15,	   25,	   35,	   45,	   55,	   65,	   75,
	   -5,	  -15,	  -25,	  -35,	  -45,	  -55,	  -65,	  -75,
	    5,	   15,	   25,	   35,	   45,	   55,	   65,	   75,
	   -5,	  -15,	  -25,	  -35,	  -45,	  -55,	  -65,	  -75,
	    5,	   15,	   25,	   35,	   45,	   55,	   65,	   75,
	   -5,	  -15,	  -25,	  -35,	  -45,	  -55,	  -65,	  -75,
	    5,	   15,	   25,	   35,	   45,	   55,	   65,	   75,
	   -5,	  -15,	  -25,	  -35,	  -45,	  -55,	  -65,	  -75,
	    5,	   15,	   25,	   35,	   45,	   55,	   65,	   75,
	   -5,	  -15,	  -25,	  -35,	  -45,	  -55,	  -65,	  -75,
	    6,	   18,	   30,	   42,	   54,	   66,	   78,	   90,
	   -6,	  -18,	  -30,	  -42,	  -54,	  -66,	  -78,	  -90,
	    6,	   18,	   30,	   42,	   54,	   66,	   78,	   90,
	   -6,	  -18,	  -30,	  -42,	  -54,	  -66,	  -78,	  -90,
	    6,	   18,	   30,	   42,	   54,	   66,	   78,	   90,
	   -6,	  -18,	  -30,	  -42,	  -54,	  -66,	  -78,	  -90,
	    6,	   18,	   30,	   42,	   54,	   66,	   78,	   90,
	   -6,	  -18,	  -30,	  -42,	  -54,	  -66,	  -78,	  -90,
	    6,	   18,	   30,	   42,	   54,	   66,	   78,	   90,
	   -6,	  -18,	  -30,	  -42,	  -54,	  -66,	  -78,	  -90,
	    7,	   21,	   35,	   49,	   63,	   77,	   91,	  105,
	   -7,	  -21,	  -35,	  -49,	  -63,	  -77,	  -91,	 -105,
	    7,	   21,	   35,	   49,	   63,	   77,	   91,	  105,
	   -7,	  -21,	  -35,	  -49,	  -63,	  -77,	  -91,	 -105,
	    7,	   21,	   35,	   49,	   63,	   77,	   91,	  105,
	   -7,	  -21,	  -35,	  -49,	  -63,	  -77,	  -91,	 -105,
	    7,	   21,	   35,	   49,	   63,	   77,	   91,	  105,
	   -7,	  -21,	  -35,	  -49,	  -63,	  -77,	  -91,	 -105,
	    7,	   21,	   35,	   49,	   63,	   77,	   91,	  105,
	   -7,	  -21,	  -35,	  -49,	  -63,	  -77,	  -91,	 -105,
	    8,	   24,	   40,	   56,	   72,	   88,	  104,	  120,
	   -8,	  -24,	  -40,	  -56,	  -72,	  -88,	 -104,	 -120,
	    8,	   24,	   40,	   56,	   72,	   88,	  104,	  120,
	   -8,	  -24,	  -40,	  -56,	  -72,	  -88,	 -104,	 -120,
	    8,	   24,	   40,	   56,	   72,	   88,	  104,	  120,
	   -8,	  -24,	  -40,	  -56,	  -72,	  -88,	 -104,	 -120,
	    8,	   24,	   40,	   56,	   72,	   88,	  104,	  120,
	   -8,	  -24,	  -40,	  -56,	  -72,	  -88,	 -104,	 -120,
	    9,	   27,	   45,	   63,	   81,	   99,	  117,	  135,
	   -9,	  -27,	  -45,	  -63,	  -81,	  -99,	 -117,	 -135,
	    9,	   27,	   45,	   63,	   81,	   99,	  117,	  135,
	   -9,	  -27,	  -45,	  -63,	  -81,	  -99,	 -117,	 -135,
	    9,	   27,	   45,	   63,	   81,	   99,	  117,	  135,
	   -9,	  -27,	  -45,	  -63,	  -81,	  -99,	 -117,	 -135,
	   10,	   30,	   50,	   70,	   90,	  110,	  130,	  150,
	  -10,	  -30,	  -50,	  -70,	  -90,	 -110,	 -130,	 -150,
	   10,	   30,	   50,	   70,	   90,	  110,	  130,	  150,
	  -10,	  -30,	  -50,	  -70,	  -90,	 -110,	 -130,	 -150,
	   10,	   30,	   50,	   70,	   90,	  110,	  130,	  150,
	  -10,	  -30,	  -50,	  -70,	  -90,	 -110,	 -130,	 -150,
	   11,	   33,	   55,	   77,	   99,	  121,	  143,	  165,
	  -11,	  -33,	  -55,	  -77,	  -99,	 -121,	 -143,	 -165,
	   11,	   33,	   55,	   77,	   99,	  121,	  143,	  165,
	  -11,	  -33,	  -55,	  -77,	  -99,	 -121,	 -143,	 -165,
	   11,	   33,	   55,	   77,	   99,	  121,	  143,	  165,
	  -11,	  -33,	  -55,	  -77,	  -99,	 -121,	 -143,	 -165,
	   12,	   36,	   60,	   84,	  108,	  132,	  156,	  180,
	  -12,	  -36,	  -60,	  -84,	 -108,	 -132,	 -156,	 -180,
	   12,	   36,	   60,	   84,	  108,	  132,	  156,	  180,
	  -12,	  -36,	  -60,	  -84,	 -108,	 -132,	 -156,	 -180,
	   13,	   39,	   65,	   91,	  117,	  143,	  169,	  195,
	  -13,	  -39,	  -65,	  -91,	 -117,	 -143,	 -169,	 -195,
	   13,	   39,	   65,	   91,	  117,	  143,	  169,	  195,
	  -13,	  -39,	  -65,	  -91,	 -117,	 -143,	 -169,	 -195,
	   13,	   39,	   65,	   91,	  117,	  143,	  169,	  195,
	  -13,	  -39,	  -65,	  -91,	 -117,	 -143,	 -169,	 -195,
	   14,	   42,	   70,	   98,	  126,	  154,	  182,	  210,
	  -14,	  -42,	  -70,	  -98,	 -126,	 -154,	 -182,	 -210,
	   14,	   42,	   70,	   98,	  126,	  154,	  182,	  210,
	  -14,	  -42,	  -70,	  -98,	 -126,	 -154,	 -182,	 -210,
	   15,	   45,	   75,	  105,	  135,	  165,	  195,	  225,
	  -15,	  -45,	  -75,	 -105,	 -135,	 -165,	 -195,	 -225,
	   15,	   45,	   75,	  105,	  135,	  165,	  195,	  225,
	  -15,	  -45,	  -75,	 -105,	 -135,	 -165,	 -195,	 -225,
	   16,	   48,	   80,	  112,	  144,	  176,	  208,	  240,
	  -16,	  -48,	  -80,	 -112,	 -144,	 -176,	 -208,	 -240,
	   16,	   48,	   80,	  112,	  144,	  176,	  208,	  240,
	  -16,	  -48,	  -80,	 -112,	 -144,	 -176,	 -208,	 -240,
	   17,	   51,	   85,	  119,	  153,	  187,	  221,	  255,
	  -17,	  -51,	  -85,	 -119,	 -153,	 -187,	 -221,	 -255,
	   17,	   51,	   85,	  119,	  153,	  187,	  221,	  255,
	  -17,	  -51,	  -85,	 -119,	 -153,	 -187,	 -221,	 -255,
	   18,	   54,	   90,	  126,	  162,	  198,	  234,	  270,
	  -18,	  -54,	  -90,	 -126,	 -162,	 -198,	 -234,	 -270,
	   19,	   57,	   95,	  133,	  171,	  209,	  247,	  285,
	  -19,	  -57,	  -95,	 -133,	 -171,	 -209,	 -247,	 -285,
	   19,	   57,	   95,	  133,	  171,	  209,	  247,	  285,
	  -19,	  -57,	  -95,	 -133,	 -171,	 -209,	 -247,	 -285,
	   20,	   60,	  100,	  140,	  180,	  220,	  260,	  300,
	  -20,	  -60,	 -100,	 -140,	 -180,	 -220,	 -260,	 -300,
	   21,	   63,	  105,	  147,	  189,	  231,	  273,	  315,
	  -21,	  -63,	 -105,	 -147,	 -189,	 -231,	 -273,	 -315,
	   21,	   63,	  105,	  147,	  189,	  231,	  273,	  315,
	  -21,	  -63,	 -105,	 -147,	 -189,	 -231,	 -273,	 -315,
	   22,	   66,	  110,	  154,	  198,	  242,	  286,	  330,
	  -22,	  -66,	 -110,	 -154,	 -198,	 -242,	 -286,	 -330,
	   23,	   69,	  115,	  161,	  207,	  253,	  299,	  345,
	  -23,	  -69,	 -115,	 -161,	 -207,	 -253,	 -299,	 -345,
	   23,	   69,	  115,	  161,	  207,	  253,	  299,	  345,
	  -23,	  -69,	 -115,	 -161,	 -207,	 -253,	 -299,	 -345,
	   24,	   72,	  120,	  168,	  216,	  264,	  312,	  360,
	  -24,	  -72,	 -120,	 -168,	 -216,	 -264,	 -312,	 -360,
	   25,	   75,	  125,	  175,	  225,	  275,	  325,	  375,
	  -25,	  -75,	 -125,	 -175,	 -225,	 -275,	 -325,	 -375,
	   26,	   78,	  130,	  182,	  234,	  286,	  338,	  390,
	  -26,	  -78,	 -130,	 -182,	 -234,	 -286,	 -338,	 -390,
	   27,	   81,	  135,	  189,	  243,	  297,	  351,	  405,
	  -27,	  -81,	 -135,	 -189,	 -243,	 -297,	 -351,	 -405,
	   28,	   84,	  140,	  196,	  252,	  308,	  364,	  420,
	  -28,	  -84,	 -140,	 -196,	 -252,	 -308,	 -364,	 -420,
	   28,	   84,	  140,	  196,	  252,	  308,	  364,	  420,
	  -28,	  -84,	 -140,	 -196,	 -252,	 -308,	 -364,	 -420,
	   29,	   87,	  145,	  203,	  261,	  319,	  377,	  435,
	  -29,	  -87,	 -145,	 -203,	 -261,	 -319,	 -377,	 -435,
	   30,	   90,	  150,	  210,	  270,	  330,	  390,	  450,
	  -30,	  -90,	 -150,	 -210,	 -270,	 -330,	 -390,	 -450,
	   31,	   93,	  155,	  217,	  279,	  341,	  403,	  465,
	  -31,	  -93,	 -155,	 -217,	 -279,	 -341,	 -403,	 -465,
	   32,	   96,	  160,	  224,	  288,	  352,	  416,	  480,
	  -32,	  -96,	 -160,	 -224,	 -288,	 -352,	 -416,	 -480,
	   34,	  102,	  170,	  238,	  306,	  374,	  442,	  510,
	  -34,	 -102,	 -170,	 -238,	 -306,	 -374,	 -442,	 -510,
	   35,	  105,	  175,	  245,	  315,	  385,	  455,	  525,
	  -35,	 -105,	 -175,	 -245,	 -315,	 -385,	 -455,	 -525,
	   36,	  108,	  180,	  252,	  324,	  396,	  468,	  540,
	  -36,	 -108,	 -180,	 -252,	 -324,	 -396,	 -468,	 -540,
	   37,	  111,	  185,	  259,	  333,	  407,	  481,	  555,
	  -37,	 -111,	 -185,	 -259,	 -333,	 -407,	 -481,	 -555,
	   38,	  114,	  190,	  266,	  342,	  418,	  494,	  570,
	  -38,	 -114,	 -190,	 -266,	 -342,	 -418,	 -494,	 -570,
	   40,	  120,	  200,	  280,	  360,	  440,	  520,	  600,
	  -40,	 -120,	 -200,	 -280,	 -360,	 -440,	 -520,	 -600,
	   41,	  123,	  205,	  287,	  369,	  451,	  533,	  615,
	  -41,	 -123,	 -205,	 -287,	 -369,	 -451,	 -533,	 -615,
	   42,	  126,	  210,	  294,	  378,	  462,	  546,	  630,
	  -42,	 -126,	 -210,	 -294,	 -378,	 -462,	 -546,	 -630,
	   44,	  132,	  220,	  308,	  396,	  484,	  572,	  660,
	  -44,	 -132,	 -220,	 -308,	 -396,	 -484,	 -572,	 -660,
	   45,	  135,	  225,	  315,	  405,	  495,	  585,	  675,
	  -45,	 -135,	 -225,	 -315,	 -405,	 -495,	 -585,	 -675,
	   47,	  141,	  235,	  329,	  423,	  517,	  611,	  705,
	  -47,	 -141,	 -235,	 -329,	 -423,	 -517,	 -611,	 -705,
	   48,	  144,	  240,	  336,	  432,	  528,	  624,	  720,
	  -48,	 -144,	 -240,	 -336,	 -432,	 -528,	 -624,	 -720,
	   50,	  150,	  250,	  350,	  450,	  550,	  650,	  750,
	  -50,	 -150,	 -250,	 -350,	 -450,	 -550,	 -650,	 -750,
	   51,	  153,	  255,	  357,	  459,	  561,	  663,	  765,
	  -51,	 -153,	 -255,	 -357,	 -459,	 -561,	 -663,	 -765,
	   53,	  159,	  265,	  371,	  477,	  583,	  689,	  795,
	  -53,	 -159,	 -265,	 -371,	 -477,	 -583,	 -689,	 -795,
	   55,	  165,	  275,	  385,	  495,	  605,	  715,	  825,
	  -55,	 -165,	 -275,	 -385,	 -495,	 -605,	 -715,	 -825,
	   57,	  171,	  285,	  399,	  513,	  627,	  741,	  855,
	  -57,	 -171,	 -285,	 -399,	 -513,	 -627,	 -741,	 -855,
	   59,	  177,	  295,	  413,	  531,	  649,	  767,	  885,
	  -59,	 -177,	 -295,	 -413,	 -531,	 -649,	 -767,	 -885,
	   60,	  180,	  300,	  420,	  540,	  660,	  780,	  900,
	  -60,	 -180,	 -300,	 -420,	 -540,	 -660,	 -780,	 -900,
	   62,	  186,	  310,	  434,	  558,	  682,	  806,	  930,
	  -62,	 -186,	 -310,	 -434,	 -558,	 -682,	 -806,	 -930,
	   65,	  195,	  325,	  455,	  585,	  715,	  845,	  975,
	  -65,	 -195,	 -325,	 -455,	 -585,	 -715,	 -845,	 -975,
	   67,	  201,	  335,	  469,	  603,	  737,	  871,	 1005,
	  -67,	 -201,	 -335,	 -469,	 -603,	 -737,	 -871,	-1005,
	   69,	  207,	  345,	  483,	  621,	  759,	  897,	 1035,
	  -69,	 -207,	 -345,	 -483,	 -621,	 -759,	 -897,	-1035,
	   71,	  213,	  355,	  497,	  639,	  781,	  923,	 1065,
	  -71,	 -213,	 -355,	 -497,	 -639,	 -781,	 -923,	-1065,
	   74,	  222,	  370,	  518,	  666,	  814,	  962,	 1110,
	  -74,	 -222,	 -370,	 -518,	 -666,	 -814,	 -962,	-1110,
	   76,	  228,	  380,	  532,	  684,	  836,	  988,	 1140,
	  -76,	 -228,	 -380,	 -532,	 -684,	 -836,	 -988,	-1140,
	   79,	  237,	  395,	  553,	  711,	  869,	 1027,	 1185,
	  -79,	 -237,	 -395,	 -553,	 -711,	 -869,	-1027,	-1185,
	   81,	  243,	  405,	  567,	  729,	  891,	 1053,	 1215,
	  -81,	 -243,	 -405,	 -567,	 -729,	 -891,	-1053,	-1215,
	   84,	  252,	  420,	  588,	  756,	  924,	 1092,	 1260,
	  -84,	 -252,	 -420,	 -588,	 -756,	 -924,	-1092,	-1260,
	   87,	  261,	  435,	  609,	  783,	  957,	 1131,	 1305,
	  -87,	 -261,	 -435,	 -609,	 -783,	 -957,	-1131,	-1305,
	   90,	  270,	  450,	  630,	  810,	  990,	 1170,	 1350,
	  -90,	 -270,	 -450,	 -630,	 -810,	 -990,	-1170,	-1350,
	   92,	  276,	  460,	  644,	  828,	 1012,	 1196,	 1380,
	  -92,	 -276,	 -460,	 -644,	 -828,	-1012,	-1196,	-1380,
	   96,	  288,	  480,	  672,	  864,	 1056,	 1248,	 1440,
	  -96,	 -288,	 -480,	 -672,	 -864,	-1056,	-1248,	-1440,
	   99,	  297,	  495,	  693,	  891,	 1089,	 1287,	 1485,
	  -99,	 -297,	 -495,	 -693,	 -891,	-1089,	-1287,	-1485,
	  102,	  306,	  510,	  714,	  918,	 1122,	 1326,	 1530,
	 -102,	 -306,	 -510,	 -714,	 -918,	-1122,	-1326,	-1530,
	  105,	  315,	  525,	  735,	  945,	 1155,	 1365,	 1575,
	 -105,	 -315,	 -525,	 -735,	 -945,	-1155,	-1365,	-1575,
	  109,	  327,	  545,	  763,	  981,	 1199,	 1417,	 1635,
	 -109,	 -327,	 -545,	 -763,	 -981,	-1199,	-1417,	-1635,
	  113,	  339,	  565,	  791,	 1017,	 1243,	 1469,	 1695,
	 -113,	 -339,	 -565,	 -791,	-1017,	-1243,	-1469,	-1695,
	  116,	  348,	  580,	  812,	 1044,	 1276,	 1508,	 1740,
	 -116,	 -348,	 -580,	 -812,	-1044,	-1276,	-1508,	-1740,
	  120,	  360,	  600,	  840,	 1080,	 1320,	 1560,	 1800,
	 -120,	 -360,	 -600,	 -840,	-1080,	-1320,	-1560,	-1800,
	  124,	  372,	  620,	  868,	 1116,	 1364,	 1612,	 1860,
	 -124,	 -372,	 -620,	 -868,	-1116,	-1364,	-1612,	-1860,
	  128,	  384,	  640,	  896,	 1152,	 1408,	 1664,	 1920,
	 -128,	 -384,	 -640,	 -896,	-1152,	-1408,	-1664,	-1920,
	  133,	  399,	  665,	  931,	 1197,	 1463,	 1729,	 1995,
	 -133,	 -399,	 -665,	 -931,	-1197,	-1463,	-1729,	-1995,
	  137,	  411,	  685,	  959,	 1233,	 1507,	 1781,	 2055,
	 -137,	 -411,	 -685,	 -959,	-1233,	-1507,	-1781,	-2055,
	  142,	  426,	  710,	  994,	 1278,	 1562,	 1846,	 2130,
	 -142,	 -426,	 -710,	 -994,	-1278,	-1562,	-1846,	-2130,
	  146,	  438,	  730,	 1022,	 1314,	 1606,	 1898,	 2190,
	 -146,	 -438,	 -730,	-1022,	-1314,	-1606,	-1898,	-2190,
	  151,	  453,	  755,	 1057,	 1359,	 1661,	 1963,	 2265,
	 -151,	 -453,	 -755,	-1057,	-1359,	-1661,	-1963,	-2265,
	  156,	  468,	  780,	 1092,	 1404,	 1716,	 2028,	 2340,
	 -156,	 -468,	 -780,	-1092,	-1404,	-1716,	-2028,	-2340,
	  161,	  483,	  805,	 1127,	 1449,	 1771,	 2093,	 2415,
	 -161,	 -483,	 -805,	-1127,	-1449,	-1771,	-2093,	-2415,
	  167,	  501,	  835,	 1169,	 1503,	 1837,	 2171,	 2505,
	 -167,	 -501,	 -835,	-1169,	-1503,	-1837,	-2171,	-2505,
	  172,	  516,	  860,	 1204,	 1548,	 1892,	 2236,	 2580,
	 -172,	 -516,	 -860,	-1204,	-1548,	-1892,	-2236,	-2580,
	  178,	  534,	  890,	 1246,	 1602,	 1958,	 2314,	 2670,
	 -178,	 -534,	 -890,	-1246,	-1602,	-1958,	-2314,	-2670,
	  184,	  552,	  920,	 1288,	 1656,	 2024,	 2392,	 2760,
	 -184,	 -552,	 -920,	-1288,	-1656,	-2024,	-2392,	-2760,
	  190,	  570,	  950,	 1330,	 1710,	 2090,	 2470,	 2850,
	 -190,	 -570,	 -950,	-1330,	-1710,	-2090,	-2470,	-2850,
	  196,	  588,	  980,	 1372,	 1764,	 2156,	 2548,	 2940,
	 -196,	 -588,	 -980,	-1372,	-1764,	-2156,	-2548,	-2940,
	  203,	  609,	 1015,	 1421,	 1827,	 2233,	 2639,	 3045,
	 -203,	 -609,	-1015,	-1421,	-1827,	-2233,	-2639,	-3045,
	  210,	  630,	 1050,	 1470,	 1890,	 2310,	 2730,	 3150,
	 -210,	 -630,	-1050,	-1470,	-1890,	-2310,	-2730,	-3150,
	  217,	  651,	 1085,	 1519,	 1953,	 2387,	 2821,	 3255,
	 -217,	 -651,	-1085,	-1519,	-1953,	-2387,	-2821,	-3255,
	  224,	  672,	 1120,	 1568,	 2016,	 2464,	 2912,	 3360,
	 -224,	 -672,	-1120,	-1568,	-2016,	-2464,	-2912,	-3360,
	  231,	  693,	 1155,	 1617,	 2079,	 2541,	 3003,	 3465,
	 -231,	 -693,	-1155,	-1617,	-2079,	-2541,	-3003,	-3465,
	  239,	  717,	 1195,	 1673,	 2151,	 2629,	 3107,	 3585,
	 -239,	 -717,	-1195,	-1673,	-2151,	-2629,	-3107,	-3585,
	  247,	  741,	 1235,	 1729,	 2223,	 2717,	 3211,	 3705,
	 -247,	 -741,	-1235,	-1729,	-2223,	-2717,	-3211,	-3705,
	  255,	  765,	 1275,	 1785,	 2295,	 2805,	 3315,	 3825,
	 -255,	 -765,	-1275,	-1785,	-2295,	-2805,	-3315,	-3825,
};

static WORD _based (_segname ("_CODE")) NxtStp[] = {
	    0,	    0,	    0,	    0,	  128,	  352,	  608,	  832,
	    0,	    0,	    0,	    0,	  128,	  352,	  608,	  832,
	    0,	    0,	    0,	    0,	  160,	  384,	  640,	  864,
	    0,	    0,	    0,	    0,	  160,	  384,	  640,	  864,
	    0,	    0,	    0,	   32,	  192,	  416,	  672,	  896,
	    0,	    0,	    0,	   32,	  192,	  416,	  672,	  896,
	    0,	    0,	    0,	   64,	  224,	  448,	  704,	  928,
	    0,	    0,	    0,	   64,	  224,	  448,	  704,	  928,
	    0,	    0,	   32,	   96,	  256,	  480,	  736,	  960,
	    0,	    0,	   32,	   96,	  256,	  480,	  736,	  960,
	    0,	    0,	   64,	  128,	  288,	  512,	  768,	  992,
	    0,	    0,	   64,	  128,	  288,	  512,	  768,	  992,
	    0,	   32,	   96,	  160,	  320,	  544,	  800,	 1024,
	    0,	   32,	   96,	  160,	  320,	  544,	  800,	 1024,
	   32,	   64,	  128,	  192,	  352,	  576,	  832,	 1056,
	   32,	   64,	  128,	  192,	  352,	  576,	  832,	 1056,
	   64,	   96,	  160,	  224,	  384,	  608,	  864,	 1088,
	   64,	   96,	  160,	  224,	  384,	  608,	  864,	 1088,
	   96,	  128,	  192,	  256,	  416,	  640,	  896,	 1120,
	   96,	  128,	  192,	  256,	  416,	  640,	  896,	 1120,
	  128,	  160,	  224,	  288,	  448,	  672,	  928,	 1152,
	  128,	  160,	  224,	  288,	  448,	  672,	  928,	 1152,
	  160,	  192,	  256,	  320,	  480,	  704,	  960,	 1184,
	  160,	  192,	  256,	  320,	  480,	  704,	  960,	 1184,
	  192,	  224,	  288,	  352,	  512,	  736,	  992,	 1216,
	  192,	  224,	  288,	  352,	  512,	  736,	  992,	 1216,
	  224,	  256,	  320,	  384,	  544,	  768,	 1024,	 1248,
	  224,	  256,	  320,	  384,	  544,	  768,	 1024,	 1248,
	  256,	  288,	  352,	  416,	  576,	  800,	 1056,	 1280,
	  256,	  288,	  352,	  416,	  576,	  800,	 1056,	 1280,
	  288,	  320,	  384,	  448,	  608,	  832,	 1088,	 1312,
	  288,	  320,	  384,	  448,	  608,	  832,	 1088,	 1312,
	  320,	  352,	  416,	  480,	  640,	  864,	 1120,	 1344,
	  320,	  352,	  416,	  480,	  640,	  864,	 1120,	 1344,
	  352,	  384,	  448,	  512,	  672,	  896,	 1152,	 1376,
	  352,	  384,	  448,	  512,	  672,	  896,	 1152,	 1376,
	  384,	  416,	  480,	  544,	  704,	  928,	 1184,	 1408,
	  384,	  416,	  480,	  544,	  704,	  928,	 1184,	 1408,
	  416,	  448,	  512,	  576,	  736,	  960,	 1216,	 1440,
	  416,	  448,	  512,	  576,	  736,	  960,	 1216,	 1440,
	  448,	  480,	  544,	  608,	  768,	  992,	 1248,	 1472,
	  448,	  480,	  544,	  608,	  768,	  992,	 1248,	 1472,
	  480,	  512,	  576,	  640,	  800,	 1024,	 1280,	 1504,
	  480,	  512,	  576,	  640,	  800,	 1024,	 1280,	 1504,
	  512,	  544,	  608,	  672,	  832,	 1056,	 1312,	 1536,
	  512,	  544,	  608,	  672,	  832,	 1056,	 1312,	 1536,
	  544,	  576,	  640,	  704,	  864,	 1088,	 1344,	 1568,
	  544,	  576,	  640,	  704,	  864,	 1088,	 1344,	 1568,
	  576,	  608,	  672,	  736,	  896,	 1120,	 1376,	 1600,
	  576,	  608,	  672,	  736,	  896,	 1120,	 1376,	 1600,
	  608,	  640,	  704,	  768,	  928,	 1152,	 1408,	 1632,
	  608,	  640,	  704,	  768,	  928,	 1152,	 1408,	 1632,
	  640,	  672,	  736,	  800,	  960,	 1184,	 1440,	 1664,
	  640,	  672,	  736,	  800,	  960,	 1184,	 1440,	 1664,
	  672,	  704,	  768,	  832,	  992,	 1216,	 1472,	 1696,
	  672,	  704,	  768,	  832,	  992,	 1216,	 1472,	 1696,
	  704,	  736,	  800,	  864,	 1024,	 1248,	 1504,	 1728,
	  704,	  736,	  800,	  864,	 1024,	 1248,	 1504,	 1728,
	  736,	  768,	  832,	  896,	 1056,	 1280,	 1536,	 1760,
	  736,	  768,	  832,	  896,	 1056,	 1280,	 1536,	 1760,
	  768,	  800,	  864,	  928,	 1088,	 1312,	 1568,	 1792,
	  768,	  800,	  864,	  928,	 1088,	 1312,	 1568,	 1792,
	  800,	  832,	  896,	  960,	 1120,	 1344,	 1600,	 1824,
	  800,	  832,	  896,	  960,	 1120,	 1344,	 1600,	 1824,
	  832,	  864,	  928,	  992,	 1152,	 1376,	 1632,	 1856,
	  832,	  864,	  928,	  992,	 1152,	 1376,	 1632,	 1856,
	  864,	  896,	  960,	 1024,	 1184,	 1408,	 1664,	 1888,
	  864,	  896,	  960,	 1024,	 1184,	 1408,	 1664,	 1888,
	  896,	  928,	  992,	 1056,	 1216,	 1440,	 1696,	 1920,
	  896,	  928,	  992,	 1056,	 1216,	 1440,	 1696,	 1920,
	  928,	  960,	 1024,	 1088,	 1248,	 1472,	 1728,	 1952,
	  928,	  960,	 1024,	 1088,	 1248,	 1472,	 1728,	 1952,
	  960,	  992,	 1056,	 1120,	 1280,	 1504,	 1760,	 1984,
	  960,	  992,	 1056,	 1120,	 1280,	 1504,	 1760,	 1984,
	  992,	 1024,	 1088,	 1152,	 1312,	 1536,	 1792,	 2016,
	  992,	 1024,	 1088,	 1152,	 1312,	 1536,	 1792,	 2016,
	 1024,	 1056,	 1120,	 1184,	 1344,	 1568,	 1824,	 2048,
	 1024,	 1056,	 1120,	 1184,	 1344,	 1568,	 1824,	 2048,
	 1056,	 1088,	 1152,	 1216,	 1376,	 1600,	 1856,	 2080,
	 1056,	 1088,	 1152,	 1216,	 1376,	 1600,	 1856,	 2080,
	 1088,	 1120,	 1184,	 1248,	 1408,	 1632,	 1888,	 2112,
	 1088,	 1120,	 1184,	 1248,	 1408,	 1632,	 1888,	 2112,
	 1120,	 1152,	 1216,	 1280,	 1440,	 1664,	 1920,	 2144,
	 1120,	 1152,	 1216,	 1280,	 1440,	 1664,	 1920,	 2144,
	 1152,	 1184,	 1248,	 1312,	 1472,	 1696,	 1952,	 2176,
	 1152,	 1184,	 1248,	 1312,	 1472,	 1696,	 1952,	 2176,
	 1184,	 1216,	 1280,	 1344,	 1504,	 1728,	 1984,	 2208,
	 1184,	 1216,	 1280,	 1344,	 1504,	 1728,	 1984,	 2208,
	 1216,	 1248,	 1312,	 1376,	 1536,	 1760,	 2016,	 2240,
	 1216,	 1248,	 1312,	 1376,	 1536,	 1760,	 2016,	 2240,
	 1248,	 1280,	 1344,	 1408,	 1568,	 1792,	 2048,	 2272,
	 1248,	 1280,	 1344,	 1408,	 1568,	 1792,	 2048,	 2272,
	 1280,	 1312,	 1376,	 1440,	 1600,	 1824,	 2080,	 2304,
	 1280,	 1312,	 1376,	 1440,	 1600,	 1824,	 2080,	 2304,
	 1312,	 1344,	 1408,	 1472,	 1632,	 1856,	 2112,	 2336,
	 1312,	 1344,	 1408,	 1472,	 1632,	 1856,	 2112,	 2336,
	 1344,	 1376,	 1440,	 1504,	 1664,	 1888,	 2144,	 2368,
	 1344,	 1376,	 1440,	 1504,	 1664,	 1888,	 2144,	 2368,
	 1376,	 1408,	 1472,	 1536,	 1696,	 1920,	 2176,	 2400,
	 1376,	 1408,	 1472,	 1536,	 1696,	 1920,	 2176,	 2400,
	 1408,	 1440,	 1504,	 1568,	 1728,	 1952,	 2208,	 2432,
	 1408,	 1440,	 1504,	 1568,	 1728,	 1952,	 2208,	 2432,
	 1440,	 1472,	 1536,	 1600,	 1760,	 1984,	 2240,	 2464,
	 1440,	 1472,	 1536,	 1600,	 1760,	 1984,	 2240,	 2464,
	 1472,	 1504,	 1568,	 1632,	 1792,	 2016,	 2272,	 2496,
	 1472,	 1504,	 1568,	 1632,	 1792,	 2016,	 2272,	 2496,
	 1504,	 1536,	 1600,	 1664,	 1824,	 2048,	 2304,	 2528,
	 1504,	 1536,	 1600,	 1664,	 1824,	 2048,	 2304,	 2528,
	 1536,	 1568,	 1632,	 1696,	 1856,	 2080,	 2336,	 2560,
	 1536,	 1568,	 1632,	 1696,	 1856,	 2080,	 2336,	 2560,
	 1568,	 1600,	 1664,	 1728,	 1888,	 2112,	 2368,	 2592,
	 1568,	 1600,	 1664,	 1728,	 1888,	 2112,	 2368,	 2592,
	 1600,	 1632,	 1696,	 1760,	 1920,	 2144,	 2400,	 2624,
	 1600,	 1632,	 1696,	 1760,	 1920,	 2144,	 2400,	 2624,
	 1632,	 1664,	 1728,	 1792,	 1952,	 2176,	 2432,	 2656,
	 1632,	 1664,	 1728,	 1792,	 1952,	 2176,	 2432,	 2656,
	 1664,	 1696,	 1760,	 1824,	 1984,	 2208,	 2464,	 2688,
	 1664,	 1696,	 1760,	 1824,	 1984,	 2208,	 2464,	 2688,
	 1696,	 1728,	 1792,	 1856,	 2016,	 2240,	 2496,	 2720,
	 1696,	 1728,	 1792,	 1856,	 2016,	 2240,	 2496,	 2720,
	 1728,	 1760,	 1824,	 1888,	 2048,	 2272,	 2528,	 2752,
	 1728,	 1760,	 1824,	 1888,	 2048,	 2272,	 2528,	 2752,
	 1760,	 1792,	 1856,	 1920,	 2080,	 2304,	 2560,	 2784,
	 1760,	 1792,	 1856,	 1920,	 2080,	 2304,	 2560,	 2784,
	 1792,	 1824,	 1888,	 1952,	 2112,	 2336,	 2592,	 2816,
	 1792,	 1824,	 1888,	 1952,	 2112,	 2336,	 2592,	 2816,
	 1824,	 1856,	 1920,	 1984,	 2144,	 2368,	 2624,	 2848,
	 1824,	 1856,	 1920,	 1984,	 2144,	 2368,	 2624,	 2848,
	 1856,	 1888,	 1952,	 2016,	 2176,	 2400,	 2656,	 2880,
	 1856,	 1888,	 1952,	 2016,	 2176,	 2400,	 2656,	 2880,
	 1888,	 1920,	 1984,	 2048,	 2208,	 2432,	 2688,	 2912,
	 1888,	 1920,	 1984,	 2048,	 2208,	 2432,	 2688,	 2912,
	 1920,	 1952,	 2016,	 2080,	 2240,	 2464,	 2720,	 2944,
	 1920,	 1952,	 2016,	 2080,	 2240,	 2464,	 2720,	 2944,
	 1952,	 1984,	 2048,	 2112,	 2272,	 2496,	 2752,	 2976,
	 1952,	 1984,	 2048,	 2112,	 2272,	 2496,	 2752,	 2976,
	 1984,	 2016,	 2080,	 2144,	 2304,	 2528,	 2784,	 3008,
	 1984,	 2016,	 2080,	 2144,	 2304,	 2528,	 2784,	 3008,
	 2016,	 2048,	 2112,	 2176,	 2336,	 2560,	 2816,	 3040,
	 2016,	 2048,	 2112,	 2176,	 2336,	 2560,	 2816,	 3040,
	 2048,	 2080,	 2144,	 2208,	 2368,	 2592,	 2848,	 3072,
	 2048,	 2080,	 2144,	 2208,	 2368,	 2592,	 2848,	 3072,
	 2080,	 2112,	 2176,	 2240,	 2400,	 2624,	 2880,	 3104,
	 2080,	 2112,	 2176,	 2240,	 2400,	 2624,	 2880,	 3104,
	 2112,	 2144,	 2208,	 2272,	 2432,	 2656,	 2912,	 3136,
	 2112,	 2144,	 2208,	 2272,	 2432,	 2656,	 2912,	 3136,
	 2144,	 2176,	 2240,	 2304,	 2464,	 2688,	 2944,	 3168,
	 2144,	 2176,	 2240,	 2304,	 2464,	 2688,	 2944,	 3168,
	 2176,	 2208,	 2272,	 2336,	 2496,	 2720,	 2976,	 3200,
	 2176,	 2208,	 2272,	 2336,	 2496,	 2720,	 2976,	 3200,
	 2208,	 2240,	 2304,	 2368,	 2528,	 2752,	 3008,	 3232,
	 2208,	 2240,	 2304,	 2368,	 2528,	 2752,	 3008,	 3232,
	 2240,	 2272,	 2336,	 2400,	 2560,	 2784,	 3040,	 3264,
	 2240,	 2272,	 2336,	 2400,	 2560,	 2784,	 3040,	 3264,
	 2272,	 2304,	 2368,	 2432,	 2592,	 2816,	 3072,	 3296,
	 2272,	 2304,	 2368,	 2432,	 2592,	 2816,	 3072,	 3296,
	 2304,	 2336,	 2400,	 2464,	 2624,	 2848,	 3104,	 3328,
	 2304,	 2336,	 2400,	 2464,	 2624,	 2848,	 3104,	 3328,
	 2336,	 2368,	 2432,	 2496,	 2656,	 2880,	 3136,	 3360,
	 2336,	 2368,	 2432,	 2496,	 2656,	 2880,	 3136,	 3360,
	 2368,	 2400,	 2464,	 2528,	 2688,	 2912,	 3168,	 3392,
	 2368,	 2400,	 2464,	 2528,	 2688,	 2912,	 3168,	 3392,
	 2400,	 2432,	 2496,	 2560,	 2720,	 2944,	 3200,	 3424,
	 2400,	 2432,	 2496,	 2560,	 2720,	 2944,	 3200,	 3424,
	 2432,	 2464,	 2528,	 2592,	 2752,	 2976,	 3232,	 3456,
	 2432,	 2464,	 2528,	 2592,	 2752,	 2976,	 3232,	 3456,
	 2464,	 2496,	 2560,	 2624,	 2784,	 3008,	 3264,	 3488,
	 2464,	 2496,	 2560,	 2624,	 2784,	 3008,	 3264,	 3488,
	 2496,	 2528,	 2592,	 2656,	 2816,	 3040,	 3296,	 3520,
	 2496,	 2528,	 2592,	 2656,	 2816,	 3040,	 3296,	 3520,
	 2528,	 2560,	 2624,	 2688,	 2848,	 3072,	 3328,	 3552,
	 2528,	 2560,	 2624,	 2688,	 2848,	 3072,	 3328,	 3552,
	 2560,	 2592,	 2656,	 2720,	 2880,	 3104,	 3360,	 3584,
	 2560,	 2592,	 2656,	 2720,	 2880,	 3104,	 3360,	 3584,
	 2592,	 2624,	 2688,	 2752,	 2912,	 3136,	 3392,	 3616,
	 2592,	 2624,	 2688,	 2752,	 2912,	 3136,	 3392,	 3616,
	 2624,	 2656,	 2720,	 2784,	 2944,	 3168,	 3424,	 3648,
	 2624,	 2656,	 2720,	 2784,	 2944,	 3168,	 3424,	 3648,
	 2656,	 2688,	 2752,	 2816,	 2976,	 3200,	 3456,	 3680,
	 2656,	 2688,	 2752,	 2816,	 2976,	 3200,	 3456,	 3680,
	 2688,	 2720,	 2784,	 2848,	 3008,	 3232,	 3488,	 3712,
	 2688,	 2720,	 2784,	 2848,	 3008,	 3232,	 3488,	 3712,
	 2720,	 2752,	 2816,	 2880,	 3040,	 3264,	 3520,	 3744,
	 2720,	 2752,	 2816,	 2880,	 3040,	 3264,	 3520,	 3744,
	 2752,	 2784,	 2848,	 2912,	 3072,	 3296,	 3552,	 3776,
	 2752,	 2784,	 2848,	 2912,	 3072,	 3296,	 3552,	 3776,
	 2784,	 2816,	 2880,	 2944,	 3104,	 3328,	 3584,	 3808,
	 2784,	 2816,	 2880,	 2944,	 3104,	 3328,	 3584,	 3808,
	 2816,	 2848,	 2912,	 2976,	 3136,	 3360,	 3616,	 3840,
	 2816,	 2848,	 2912,	 2976,	 3136,	 3360,	 3616,	 3840,
	 2848,	 2880,	 2944,	 3008,	 3168,	 3392,	 3648,	 3872,
	 2848,	 2880,	 2944,	 3008,	 3168,	 3392,	 3648,	 3872,
	 2880,	 2912,	 2976,	 3040,	 3200,	 3424,	 3680,	 3904,
	 2880,	 2912,	 2976,	 3040,	 3200,	 3424,	 3680,	 3904,
	 2912,	 2944,	 3008,	 3072,	 3232,	 3456,	 3712,	 3936,
	 2912,	 2944,	 3008,	 3072,	 3232,	 3456,	 3712,	 3936,
	 2944,	 2976,	 3040,	 3104,	 3264,	 3488,	 3744,	 3968,
	 2944,	 2976,	 3040,	 3104,	 3264,	 3488,	 3744,	 3968,
	 2976,	 3008,	 3072,	 3136,	 3296,	 3520,	 3776,	 4000,
	 2976,	 3008,	 3072,	 3136,	 3296,	 3520,	 3776,	 4000,
	 3008,	 3040,	 3104,	 3168,	 3328,	 3552,	 3808,	 4032,
	 3008,	 3040,	 3104,	 3168,	 3328,	 3552,	 3808,	 4032,
	 3040,	 3072,	 3136,	 3200,	 3360,	 3584,	 3840,	 4064,
	 3040,	 3072,	 3136,	 3200,	 3360,	 3584,	 3840,	 4064,
	 3072,	 3104,	 3168,	 3232,	 3392,	 3616,	 3872,	 4064,
	 3072,	 3104,	 3168,	 3232,	 3392,	 3616,	 3872,	 4064,
	 3104,	 3136,	 3200,	 3264,	 3424,	 3648,	 3904,	 4064,
	 3104,	 3136,	 3200,	 3264,	 3424,	 3648,	 3904,	 4064,
	 3136,	 3168,	 3232,	 3296,	 3456,	 3680,	 3936,	 4064,
	 3136,	 3168,	 3232,	 3296,	 3456,	 3680,	 3936,	 4064,
	 3168,	 3200,	 3264,	 3328,	 3488,	 3712,	 3968,	 4064,
	 3168,	 3200,	 3264,	 3328,	 3488,	 3712,	 3968,	 4064,
	 3200,	 3232,	 3296,	 3360,	 3520,	 3744,	 4000,	 4064,
	 3200,	 3232,	 3296,	 3360,	 3520,	 3744,	 4000,	 4064,
	 3232,	 3264,	 3328,	 3392,	 3552,	 3776,	 4032,	 4064,
	 3232,	 3264,	 3328,	 3392,	 3552,	 3776,	 4032,	 4064,
	 3264,	 3296,	 3360,	 3424,	 3584,	 3808,	 4064,	 4064,
	 3264,	 3296,	 3360,	 3424,	 3584,	 3808,	 4064,	 4064,
	 3296,	 3328,	 3392,	 3456,	 3616,	 3840,	 4064,	 4064,
	 3296,	 3328,	 3392,	 3456,	 3616,	 3840,	 4064,	 4064,
	 3328,	 3360,	 3424,	 3488,	 3648,	 3872,	 4064,	 4064,
	 3328,	 3360,	 3424,	 3488,	 3648,	 3872,	 4064,	 4064,
	 3360,	 3392,	 3456,	 3520,	 3680,	 3904,	 4064,	 4064,
	 3360,	 3392,	 3456,	 3520,	 3680,	 3904,	 4064,	 4064,
	 3392,	 3424,	 3488,	 3552,	 3712,	 3936,	 4064,	 4064,
	 3392,	 3424,	 3488,	 3552,	 3712,	 3936,	 4064,	 4064,
	 3424,	 3456,	 3520,	 3584,	 3744,	 3968,	 4064,	 4064,
	 3424,	 3456,	 3520,	 3584,	 3744,	 3968,	 4064,	 4064,
	 3456,	 3488,	 3552,	 3616,	 3776,	 4000,	 4064,	 4064,
	 3456,	 3488,	 3552,	 3616,	 3776,	 4000,	 4064,	 4064,
	 3488,	 3520,	 3584,	 3648,	 3808,	 4032,	 4064,	 4064,
	 3488,	 3520,	 3584,	 3648,	 3808,	 4032,	 4064,	 4064,
	 3520,	 3552,	 3616,	 3680,	 3840,	 4064,	 4064,	 4064,
	 3520,	 3552,	 3616,	 3680,	 3840,	 4064,	 4064,	 4064,
	 3552,	 3584,	 3648,	 3712,	 3872,	 4064,	 4064,	 4064,
	 3552,	 3584,	 3648,	 3712,	 3872,	 4064,	 4064,	 4064,
	 3584,	 3616,	 3680,	 3744,	 3904,	 4064,	 4064,	 4064,
	 3584,	 3616,	 3680,	 3744,	 3904,	 4064,	 4064,	 4064,
	 3616,	 3648,	 3712,	 3776,	 3936,	 4064,	 4064,	 4064,
	 3616,	 3648,	 3712,	 3776,	 3936,	 4064,	 4064,	 4064,
	 3648,	 3680,	 3744,	 3808,	 3968,	 4064,	 4064,	 4064,
	 3648,	 3680,	 3744,	 3808,	 3968,	 4064,	 4064,	 4064,
	 3680,	 3712,	 3776,	 3840,	 4000,	 4064,	 4064,	 4064,
	 3680,	 3712,	 3776,	 3840,	 4000,	 4064,	 4064,	 4064,
	 3712,	 3744,	 3808,	 3872,	 4032,	 4064,	 4064,	 4064,
	 3712,	 3744,	 3808,	 3872,	 4032,	 4064,	 4064,	 4064,
	 3744,	 3776,	 3840,	 3904,	 4064,	 4064,	 4064,	 4064,
	 3744,	 3776,	 3840,	 3904,	 4064,	 4064,	 4064,	 4064,
	 3776,	 3808,	 3872,	 3936,	 4064,	 4064,	 4064,	 4064,
	 3776,	 3808,	 3872,	 3936,	 4064,	 4064,	 4064,	 4064,
	 3808,	 3840,	 3904,	 3968,	 4064,	 4064,	 4064,	 4064,
	 3808,	 3840,	 3904,	 3968,	 4064,	 4064,	 4064,	 4064,
	 3840,	 3872,	 3936,	 4000,	 4064,	 4064,	 4064,	 4064,
	 3840,	 3872,	 3936,	 4000,	 4064,	 4064,	 4064,	 4064,
	 3872,	 3904,	 3968,	 4032,	 4064,	 4064,	 4064,	 4064,
	 3872,	 3904,	 3968,	 4032,	 4064,	 4064,	 4064,	 4064,
};

static BYTE _based (_segname ("_CODE")) SmTab1[] = {
	 0,	 2,	 4,	 6,	 8,	10,	12,	14,
	16,	18,	20,	22,	24,	26,	28,	30,
	 0,	 2,	 4,	 6,	 8,	10,	12,	14,
	16,	18,	20,	22,	24,	26,	28,	30,
	 0,	 2,	 4,	 6,	 8,	10,	12,	14,
	16,	18,	20,	22,	24,	26,	28,	30,
	 0,	 2,	 4,	 6,	 8,	10,	12,	14,
	16,	18,	20,	22,	24,	26,	28,	30,
	 0,	 2,	 4,	 6,	 8,	10,	12,	14,
	16,	18,	20,	22,	24,	26,	28,	30,
	 0,	 2,	 4,	 6,	 8,	10,	12,	14,
	16,	18,	20,	22,	24,	26,	28,	30,
	 0,	 2,	 4,	 6,	 8,	10,	12,	14,
	16,	18,	20,	22,	24,	26,	28,	30,
	 0,	 2,	 4,	 6,	 8,	10,	12,	14,
	16,	18,	20,	22,	24,	26,	28,	30,
	 0,	 2,	 4,	 6,	 8,	10,	12,	14,
	16,	18,	20,	22,	24,	26,	28,	30,
	 0,	 2,	 4,	 6,	 8,	10,	12,	14,
	16,	18,	20,	22,	24,	26,	28,	30,
	 0,	 2,	 4,	 6,	 8,	10,	12,	14,
	16,	18,	20,	22,	24,	26,	28,	30,
	 0,	 2,	 4,	 6,	 8,	10,	12,	14,
	16,	18,	20,	22,	24,	26,	28,	30,
	 0,	 2,	 4,	 6,	 8,	10,	12,	14,
	16,	18,	20,	22,	24,	26,	28,	30,
	 0,	 2,	 4,	 6,	 8,	10,	12,	14,
	16,	18,	20,	22,	24,	26,	28,	30,
	 0,	 2,	 4,	 6,	 8,	10,	12,	14,
	16,	18,	20,	22,	24,	26,	28,	30,
	 0,	 2,	 4,	 6,	 8,	10,	12,	14,
	16,	18,	20,	22,	24,	26,	28,	30,
};

static BYTE _based (_segname ("_CODE")) SmTab2[] = {
	 0,	 0,	 0,	 0,	 0,	 0,	 0,	 0,
	 0,	 0,	 0,	 0,	 0,	 0,	 0,	 0,
	 2,	 2,	 2,	 2,	 2,	 2,	 2,	 2,
	 2,	 2,	 2,	 2,	 2,	 2,	 2,	 2,
	 4,	 4,	 4,	 4,	 4,	 4,	 4,	 4,
	 4,	 4,	 4,	 4,	 4,	 4,	 4,	 4,
	 6,	 6,	 6,	 6,	 6,	 6,	 6,	 6,
	 6,	 6,	 6,	 6,	 6,	 6,	 6,	 6,
	 8,	 8,	 8,	 8,	 8,	 8,	 8,	 8,
	 8,	 8,	 8,	 8,	 8,	 8,	 8,	 8,
	10,	10,	10,	10,	10,	10,	10,	10,
	10,	10,	10,	10,	10,	10,	10,	10,
	12,	12,	12,	12,	12,	12,	12,	12,
	12,	12,	12,	12,	12,	12,	12,	12,
	14,	14,	14,	14,	14,	14,	14,	14,
	14,	14,	14,	14,	14,	14,	14,	14,
	16,	16,	16,	16,	16,	16,	16,	16,
	16,	16,	16,	16,	16,	16,	16,	16,
	18,	18,	18,	18,	18,	18,	18,	18,
	18,	18,	18,	18,	18,	18,	18,	18,
	20,	20,	20,	20,	20,	20,	20,	20,
	20,	20,	20,	20,	20,	20,	20,	20,
	22,	22,	22,	22,	22,	22,	22,	22,
	22,	22,	22,	22,	22,	22,	22,	22,
	24,	24,	24,	24,	24,	24,	24,	24,
	24,	24,	24,	24,	24,	24,	24,	24,
	26,	26,	26,	26,	26,	26,	26,	26,
	26,	26,	26,	26,	26,	26,	26,	26,
	28,	28,	28,	28,	28,	28,	28,	28,
	28,	28,	28,	28,	28,	28,	28,	28,
	30,	30,	30,	30,	30,	30,	30,	30,
	30,	30,	30,	30,	30,	30,	30,	30,
};

static BYTE _based (_segname ("_CODE")) SToSsn[] = {
	0x0,	0x0,	0x2,	0x2,	0x4,	0x4,	0x6,	0x6,
	0x0e,	0x0e,	0x0e,	0x0e,	0x0e,	0x0e,	0x0e,	0x0e,
	0x0e,	0x0e,	0x0e,	0x0e,	0x0e,	0x0e,	0x0e,	0x0e,
	0x0e,	0x0e,	0x0e,	0x0e,	0x0e,	0x0e,	0x0e,	0x0e,
	0x0e,	0x0e,	0x0e,	0x0e,	0x0e,	0x0e,	0x0e,	0x0e,
	0x0e,	0x0e,	0x0e,	0x0e,	0x0e,	0x0e,	0x0e,	0x0e,
	0x0e,	0x0e,	0x0e,	0x0e,	0x0e,	0x0e,	0x0e,	0x0e,
	0x0e,	0x0e,	0x0e,	0x0e,	0x0e,	0x0e,	0x0e,	0x0e,
	0x0e,	0x0e,	0x0e,	0x0e,	0x0e,	0x0e,	0x0e,	0x0e,
	0x0e,	0x0e,	0x0e,	0x0e,	0x0e,	0x0e,	0x0e,	0x0e,
	0x0e,	0x0e,	0x0e,	0x0e,	0x0e,	0x0e,	0x0e,	0x0e,
	0x0e,	0x0e,	0x0e,	0x0e,	0x0e,	0x0e,	0x0e,	0x0e,
	0x0e,	0x0e,	0x0e,	0x0e,	0x0e,	0x0e,	0x0e,	0x0e,
	0x0e,	0x0e,	0x0e,	0x0e,	0x0e,	0x0e,	0x0e,	0x0e,
	0x0e,	0x0e,	0x0e,	0x0e,	0x0e,	0x0e,	0x0e,	0x0e,
	0x0e,	0x0e,	0x0e,	0x0e,	0x0e,	0x0e,	0x0e,	0x0e,
	0x10,	0x1e,	0x1e,	0x1e,	0x1e,	0x1e,	0x1e,	0x1e,
	0x1e,	0x1e,	0x1e,	0x1e,	0x1e,	0x1e,	0x1e,	0x1e,
	0x1e,	0x1e,	0x1e,	0x1e,	0x1e,	0x1e,	0x1e,	0x1e,
	0x1e,	0x1e,	0x1e,	0x1e,	0x1e,	0x1e,	0x1e,	0x1e,
	0x1e,	0x1e,	0x1e,	0x1e,	0x1e,	0x1e,	0x1e,	0x1e,
	0x1e,	0x1e,	0x1e,	0x1e,	0x1e,	0x1e,	0x1e,	0x1e,
	0x1e,	0x1e,	0x1e,	0x1e,	0x1e,	0x1e,	0x1e,	0x1e,
	0x1e,	0x1e,	0x1e,	0x1e,	0x1e,	0x1e,	0x1e,	0x1e,
	0x1e,	0x1e,	0x1e,	0x1e,	0x1e,	0x1e,	0x1e,	0x1e,
	0x1e,	0x1e,	0x1e,	0x1e,	0x1e,	0x1e,	0x1e,	0x1e,
	0x1e,	0x1e,	0x1e,	0x1e,	0x1e,	0x1e,	0x1e,	0x1e,
	0x1e,	0x1e,	0x1e,	0x1e,	0x1e,	0x1e,	0x1e,	0x1e,
	0x1e,	0x1e,	0x1e,	0x1e,	0x1e,	0x1e,	0x1e,	0x1e,
	0x1e,	0x1e,	0x1e,	0x1e,	0x1e,	0x1e,	0x1e,	0x1e,
	0x1e,	0x1e,	0x1e,	0x1e,	0x1e,	0x1e,	0x1e,	0x1e,
	0x1e,	0x16,	0x16,	0x14,	0x14,	0x12,	0x12,	0x10,
};

static WORD _based (_segname ("_CODE")) DCFDiv[] = {
	   32,	   32,	   32,	   32,	   32,	   32,	   32,	   32,
	   32,	   32,	   32,	   32,	   32,	   32,	   32,	   32,
	   32,	   32,	   32,	   32,	   32,	   32,	   32,	   32,
	   32,	   32,	   32,	   32,	   32,	   32,	   32,	   32,
	   32,	   32,	   32,	   32,	   32,	   32,	   32,	   32,
	   32,	   32,	   32,	   32,	   32,	   32,	   32,	   32,
	   32,	   32,	   32,	   32,	   32,	   32,	   32,	   32,
	   32,	   32,	   32,	   32,	   32,	   32,	   32,	   32,
	   40,	   40,	   40,	   40,	   40,	   40,	   40,	   40,
	   40,	   40,	   40,	   40,	   40,	   40,	   40,	   40,
	   40,	   40,	   40,	   40,	   40,	   40,	   40,	   40,
	   40,	   40,	   40,	   40,	   40,	   40,	   40,	   40,
	   40,	   40,	   40,	   40,	   40,	   40,	   40,	   40,
	   40,	   40,	   40,	   40,	   40,	   40,	   40,	   40,
	   40,	   40,	   40,	   40,	   40,	   40,	   40,	   40,
	   40,	   40,	   40,	   40,	   40,	   40,	   40,	   40,
	   40,	   40,	   40,	   40,	   40,	   40,	   40,	   40,
	   40,	   40,	   40,	   40,	   40,	   40,	   40,	   40,
	   40,	   40,	   40,	   40,	   40,	   40,	   40,	   40,
	   40,	   40,	   40,	   40,	   40,	   40,	   40,	   40,
	   48,	   48,	   48,	   48,	   48,	   48,	   48,	   48,
	   48,	   48,	   48,	   48,	   48,	   48,	   48,	   48,
	   48,	   48,	   48,	   48,	   48,	   48,	   48,	   48,
	   48,	   48,	   48,	   48,	   48,	   48,	   48,	   48,
	   48,	   48,	   48,	   48,	   48,	   48,	   48,	   48,
	   48,	   48,	   48,	   48,	   48,	   48,	   48,	   48,
	   48,	   48,	   48,	   48,	   48,	   48,	   48,	   48,
	   48,	   48,	   48,	   48,	   48,	   48,	   48,	   48,
	   48,	   48,	   48,	   48,	   48,	   48,	   48,	   48,
	   48,	   48,	   48,	   48,	   48,	   48,	   48,	   48,
	   56,	   56,	   56,	   56,	   56,	   56,	   56,	   56,
	   56,	   56,	   56,	   56,	   56,	   56,	   56,	   56,
	   56,	   56,	   56,	   56,	   56,	   56,	   56,	   56,
	   56,	   56,	   56,	   56,	   56,	   56,	   56,	   56,
	   56,	   56,	   56,	   56,	   56,	   56,	   56,	   56,
	   56,	   56,	   56,	   56,	   56,	   56,	   56,	   56,
	   56,	   56,	   56,	   56,	   56,	   56,	   56,	   56,
	   56,	   56,	   56,	   56,	   56,	   56,	   56,	   56,
	   56,	   56,	   56,	   56,	   56,	   56,	   56,	   56,
	   56,	   56,	   56,	   56,	   56,	   56,	   56,	   56,
	   64,	   64,	   64,	   64,	   64,	   64,	   64,	   64,
	   64,	   64,	   64,	   64,	   64,	   64,	   64,	   64,
	   64,	   64,	   64,	   64,	   64,	   64,	   64,	   64,
	   64,	   64,	   64,	   64,	   64,	   64,	   64,	   64,
	   64,	   64,	   64,	   64,	   64,	   64,	   64,	   64,
	   64,	   64,	   64,	   64,	   64,	   64,	   64,	   64,
	   64,	   64,	   64,	   64,	   64,	   64,	   64,	   64,
	   64,	   64,	   64,	   64,	   64,	   64,	   64,	   64,
	   72,	   72,	   72,	   72,	   72,	   72,	   72,	   72,
	   72,	   72,	   72,	   72,	   72,	   72,	   72,	   72,
	   72,	   72,	   72,	   72,	   72,	   72,	   72,	   72,
	   72,	   72,	   72,	   72,	   72,	   72,	   72,	   72,
	   72,	   72,	   72,	   72,	   72,	   72,	   72,	   72,
	   72,	   72,	   72,	   72,	   72,	   72,	   72,	   72,
	   80,	   80,	   80,	   80,	   80,	   80,	   80,	   80,
	   80,	   80,	   80,	   80,	   80,	   80,	   80,	   80,
	   80,	   80,	   80,	   80,	   80,	   80,	   80,	   80,
	   80,	   80,	   80,	   80,	   80,	   80,	   80,	   80,
	   80,	   80,	   80,	   80,	   80,	   80,	   80,	   80,
	   80,	   80,	   80,	   80,	   80,	   80,	   80,	   80,
	   88,	   88,	   88,	   88,	   88,	   88,	   88,	   88,
	   88,	   88,	   88,	   88,	   88,	   88,	   88,	   88,
	   88,	   88,	   88,	   88,	   88,	   88,	   88,	   88,
	   88,	   88,	   88,	   88,	   88,	   88,	   88,	   88,
	   88,	   88,	   88,	   88,	   88,	   88,	   88,	   88,
	   88,	   88,	   88,	   88,	   88,	   88,	   88,	   88,
	   96,	   96,	   96,	   96,	   96,	   96,	   96,	   96,
	   96,	   96,	   96,	   96,	   96,	   96,	   96,	   96,
	   96,	   96,	   96,	   96,	   96,	   96,	   96,	   96,
	   96,	   96,	   96,	   96,	   96,	   96,	   96,	   96,
	  104,	  104,	  104,	  104,	  104,	  104,	  104,	  104,
	  104,	  104,	  104,	  104,	  104,	  104,	  104,	  104,
	  104,	  104,	  104,	  104,	  104,	  104,	  104,	  104,
	  104,	  104,	  104,	  104,	  104,	  104,	  104,	  104,
	  104,	  104,	  104,	  104,	  104,	  104,	  104,	  104,
	  104,	  104,	  104,	  104,	  104,	  104,	  104,	  104,
	  112,	  112,	  112,	  112,	  112,	  112,	  112,	  112,
	  112,	  112,	  112,	  112,	  112,	  112,	  112,	  112,
	  112,	  112,	  112,	  112,	  112,	  112,	  112,	  112,
	  112,	  112,	  112,	  112,	  112,	  112,	  112,	  112,
	  120,	  120,	  120,	  120,	  120,	  120,	  120,	  120,
	  120,	  120,	  120,	  120,	  120,	  120,	  120,	  120,
	  120,	  120,	  120,	  120,	  120,	  120,	  120,	  120,
	  120,	  120,	  120,	  120,	  120,	  120,	  120,	  120,
	  128,	  128,	  128,	  128,	  128,	  128,	  128,	  128,
	  128,	  128,	  128,	  128,	  128,	  128,	  128,	  128,
	  128,	  128,	  128,	  128,	  128,	  128,	  128,	  128,
	  128,	  128,	  128,	  128,	  128,	  128,	  128,	  128,
	  136,	  136,	  136,	  136,	  136,	  136,	  136,	  136,
	  136,	  136,	  136,	  136,	  136,	  136,	  136,	  136,
	  136,	  136,	  136,	  136,	  136,	  136,	  136,	  136,
	  136,	  136,	  136,	  136,	  136,	  136,	  136,	  136,
	  144,	  144,	  144,	  144,	  144,	  144,	  144,	  144,
	  144,	  144,	  144,	  144,	  144,	  144,	  144,	  144,
	  152,	  152,	  152,	  152,	  152,	  152,	  152,	  152,
	  152,	  152,	  152,	  152,	  152,	  152,	  152,	  152,
	  152,	  152,	  152,	  152,	  152,	  152,	  152,	  152,
	  152,	  152,	  152,	  152,	  152,	  152,	  152,	  152,
	  160,	  160,	  160,	  160,	  160,	  160,	  160,	  160,
	  160,	  160,	  160,	  160,	  160,	  160,	  160,	  160,
	  168,	  168,	  168,	  168,	  168,	  168,	  168,	  168,
	  168,	  168,	  168,	  168,	  168,	  168,	  168,	  168,
	  168,	  168,	  168,	  168,	  168,	  168,	  168,	  168,
	  168,	  168,	  168,	  168,	  168,	  168,	  168,	  168,
	  176,	  176,	  176,	  176,	  176,	  176,	  176,	  176,
	  176,	  176,	  176,	  176,	  176,	  176,	  176,	  176,
	  184,	  184,	  184,	  184,	  184,	  184,	  184,	  184,
	  184,	  184,	  184,	  184,	  184,	  184,	  184,	  184,
	  184,	  184,	  184,	  184,	  184,	  184,	  184,	  184,
	  184,	  184,	  184,	  184,	  184,	  184,	  184,	  184,
	  192,	  192,	  192,	  192,	  192,	  192,	  192,	  192,
	  192,	  192,	  192,	  192,	  192,	  192,	  192,	  192,
	  200,	  200,	  200,	  200,	  200,	  200,	  200,	  200,
	  200,	  200,	  200,	  200,	  200,	  200,	  200,	  200,
	  208,	  208,	  208,	  208,	  208,	  208,	  208,	  208,
	  208,	  208,	  208,	  208,	  208,	  208,	  208,	  208,
	  216,	  216,	  216,	  216,	  216,	  216,	  216,	  216,
	  216,	  216,	  216,	  216,	  216,	  216,	  216,	  216,
	  224,	  224,	  224,	  224,	  224,	  224,	  224,	  224,
	  224,	  224,	  224,	  224,	  224,	  224,	  224,	  224,
	  224,	  224,	  224,	  224,	  224,	  224,	  224,	  224,
	  224,	  224,	  224,	  224,	  224,	  224,	  224,	  224,
	  232,	  232,	  232,	  232,	  232,	  232,	  232,	  232,
	  232,	  232,	  232,	  232,	  232,	  232,	  232,	  232,
	  240,	  240,	  240,	  240,	  240,	  240,	  240,	  240,
	  240,	  240,	  240,	  240,	  240,	  240,	  240,	  240,
	  248,	  248,	  248,	  248,	  248,	  248,	  248,	  248,
	  248,	  248,	  248,	  248,	  248,	  248,	  248,	  248,
	  256,	  256,	  256,	  256,	  256,	  256,	  256,	  256,
	  256,	  256,	  256,	  256,	  256,	  256,	  256,	  256,
	  272,	  272,	  272,	  272,	  272,	  272,	  272,	  272,
	  272,	  272,	  272,	  272,	  272,	  272,	  272,	  272,
	  280,	  280,	  280,	  280,	  280,	  280,	  280,	  280,
	  280,	  280,	  280,	  280,	  280,	  280,	  280,	  280,
	  288,	  288,	  288,	  288,	  288,	  288,	  288,	  288,
	  288,	  288,	  288,	  288,	  288,	  288,	  288,	  288,
	  296,	  296,	  296,	  296,	  296,	  296,	  296,	  296,
	  296,	  296,	  296,	  296,	  296,	  296,	  296,	  296,
	  304,	  304,	  304,	  304,	  304,	  304,	  304,	  304,
	  304,	  304,	  304,	  304,	  304,	  304,	  304,	  304,
	  320,	  320,	  320,	  320,	  320,	  320,	  320,	  320,
	  320,	  320,	  320,	  320,	  320,	  320,	  320,	  320,
	  328,	  328,	  328,	  328,	  328,	  328,	  328,	  328,
	  328,	  328,	  328,	  328,	  328,	  328,	  328,	  328,
	  336,	  336,	  336,	  336,	  336,	  336,	  336,	  336,
	  336,	  336,	  336,	  336,	  336,	  336,	  336,	  336,
	  352,	  352,	  352,	  352,	  352,	  352,	  352,	  352,
	  352,	  352,	  352,	  352,	  352,	  352,	  352,	  352,
	  360,	  360,	  360,	  360,	  360,	  360,	  360,	  360,
	  360,	  360,	  360,	  360,	  360,	  360,	  360,	  360,
	  376,	  376,	  376,	  376,	  376,	  376,	  376,	  376,
	  376,	  376,	  376,	  376,	  376,	  376,	  376,	  376,
	  384,	  384,	  384,	  384,	  384,	  384,	  384,	  384,
	  384,	  384,	  384,	  384,	  384,	  384,	  384,	  384,
	  400,	  400,	  400,	  400,	  400,	  400,	  400,	  400,
	  400,	  400,	  400,	  400,	  400,	  400,	  400,	  400,
	  408,	  408,	  408,	  408,	  408,	  408,	  408,	  408,
	  408,	  408,	  408,	  408,	  408,	  408,	  408,	  408,
	  424,	  424,	  424,	  424,	  424,	  424,	  424,	  424,
	  424,	  424,	  424,	  424,	  424,	  424,	  424,	  424,
	  440,	  440,	  440,	  440,	  440,	  440,	  440,	  440,
	  440,	  440,	  440,	  440,	  440,	  440,	  440,	  440,
	  456,	  456,	  456,	  456,	  456,	  456,	  456,	  456,
	  456,	  456,	  456,	  456,	  456,	  456,	  456,	  456,
	  472,	  472,	  472,	  472,	  472,	  472,	  472,	  472,
	  472,	  472,	  472,	  472,	  472,	  472,	  472,	  472,
	  480,	  480,	  480,	  480,	  480,	  480,	  480,	  480,
	  480,	  480,	  480,	  480,	  480,	  480,	  480,	  480,
	  496,	  496,	  496,	  496,	  496,	  496,	  496,	  496,
	  496,	  496,	  496,	  496,	  496,	  496,	  496,	  496,
	  520,	  520,	  520,	  520,	  520,	  520,	  520,	  520,
	  520,	  520,	  520,	  520,	  520,	  520,	  520,	  520,
	  536,	  536,	  536,	  536,	  536,	  536,	  536,	  536,
	  536,	  536,	  536,	  536,	  536,	  536,	  536,	  536,
	  552,	  552,	  552,	  552,	  552,	  552,	  552,	  552,
	  552,	  552,	  552,	  552,	  552,	  552,	  552,	  552,
	  568,	  568,	  568,	  568,	  568,	  568,	  568,	  568,
	  568,	  568,	  568,	  568,	  568,	  568,	  568,	  568,
	  592,	  592,	  592,	  592,	  592,	  592,	  592,	  592,
	  592,	  592,	  592,	  592,	  592,	  592,	  592,	  592,
	  608,	  608,	  608,	  608,	  608,	  608,	  608,	  608,
	  608,	  608,	  608,	  608,	  608,	  608,	  608,	  608,
	  632,	  632,	  632,	  632,	  632,	  632,	  632,	  632,
	  632,	  632,	  632,	  632,	  632,	  632,	  632,	  632,
	  648,	  648,	  648,	  648,	  648,	  648,	  648,	  648,
	  648,	  648,	  648,	  648,	  648,	  648,	  648,	  648,
	  672,	  672,	  672,	  672,	  672,	  672,	  672,	  672,
	  672,	  672,	  672,	  672,	  672,	  672,	  672,	  672,
	  696,	  696,	  696,	  696,	  696,	  696,	  696,	  696,
	  696,	  696,	  696,	  696,	  696,	  696,	  696,	  696,
	  720,	  720,	  720,	  720,	  720,	  720,	  720,	  720,
	  720,	  720,	  720,	  720,	  720,	  720,	  720,	  720,
	  736,	  736,	  736,	  736,	  736,	  736,	  736,	  736,
	  736,	  736,	  736,	  736,	  736,	  736,	  736,	  736,
	  768,	  768,	  768,	  768,	  768,	  768,	  768,	  768,
	  768,	  768,	  768,	  768,	  768,	  768,	  768,	  768,
	  792,	  792,	  792,	  792,	  792,	  792,	  792,	  792,
	  792,	  792,	  792,	  792,	  792,	  792,	  792,	  792,
	  816,	  816,	  816,	  816,	  816,	  816,	  816,	  816,
	  816,	  816,	  816,	  816,	  816,	  816,	  816,	  816,
	  840,	  840,	  840,	  840,	  840,	  840,	  840,	  840,
	  840,	  840,	  840,	  840,	  840,	  840,	  840,	  840,
	  872,	  872,	  872,	  872,	  872,	  872,	  872,	  872,
	  872,	  872,	  872,	  872,	  872,	  872,	  872,	  872,
	  904,	  904,	  904,	  904,	  904,	  904,	  904,	  904,
	  904,	  904,	  904,	  904,	  904,	  904,	  904,	  904,
	  928,	  928,	  928,	  928,	  928,	  928,	  928,	  928,
	  928,	  928,	  928,	  928,	  928,	  928,	  928,	  928,
	  960,	  960,	  960,	  960,	  960,	  960,	  960,	  960,
	  960,	  960,	  960,	  960,	  960,	  960,	  960,	  960,
	  992,	  992,	  992,	  992,	  992,	  992,	  992,	  992,
	  992,	  992,	  992,	  992,	  992,	  992,	  992,	  992,
	 1024,	 1024,	 1024,	 1024,	 1024,	 1024,	 1024,	 1024,
	 1024,	 1024,	 1024,	 1024,	 1024,	 1024,	 1024,	 1024,
	 1064,	 1064,	 1064,	 1064,	 1064,	 1064,	 1064,	 1064,
	 1064,	 1064,	 1064,	 1064,	 1064,	 1064,	 1064,	 1064,
	 1096,	 1096,	 1096,	 1096,	 1096,	 1096,	 1096,	 1096,
	 1096,	 1096,	 1096,	 1096,	 1096,	 1096,	 1096,	 1096,
	 1136,	 1136,	 1136,	 1136,	 1136,	 1136,	 1136,	 1136,
	 1136,	 1136,	 1136,	 1136,	 1136,	 1136,	 1136,	 1136,
	 1168,	 1168,	 1168,	 1168,	 1168,	 1168,	 1168,	 1168,
	 1168,	 1168,	 1168,	 1168,	 1168,	 1168,	 1168,	 1168,
	 1208,	 1208,	 1208,	 1208,	 1208,	 1208,	 1208,	 1208,
	 1208,	 1208,	 1208,	 1208,	 1208,	 1208,	 1208,	 1208,
	 1248,	 1248,	 1248,	 1248,	 1248,	 1248,	 1248,	 1248,
	 1248,	 1248,	 1248,	 1248,	 1248,	 1248,	 1248,	 1248,
	 1288,	 1288,	 1288,	 1288,	 1288,	 1288,	 1288,	 1288,
	 1288,	 1288,	 1288,	 1288,	 1288,	 1288,	 1288,	 1288,
	 1336,	 1336,	 1336,	 1336,	 1336,	 1336,	 1336,	 1336,
	 1336,	 1336,	 1336,	 1336,	 1336,	 1336,	 1336,	 1336,
	 1376,	 1376,	 1376,	 1376,	 1376,	 1376,	 1376,	 1376,
	 1376,	 1376,	 1376,	 1376,	 1376,	 1376,	 1376,	 1376,
	 1424,	 1424,	 1424,	 1424,	 1424,	 1424,	 1424,	 1424,
	 1424,	 1424,	 1424,	 1424,	 1424,	 1424,	 1424,	 1424,
	 1472,	 1472,	 1472,	 1472,	 1472,	 1472,	 1472,	 1472,
	 1472,	 1472,	 1472,	 1472,	 1472,	 1472,	 1472,	 1472,
	 1520,	 1520,	 1520,	 1520,	 1520,	 1520,	 1520,	 1520,
	 1520,	 1520,	 1520,	 1520,	 1520,	 1520,	 1520,	 1520,
	 1568,	 1568,	 1568,	 1568,	 1568,	 1568,	 1568,	 1568,
	 1568,	 1568,	 1568,	 1568,	 1568,	 1568,	 1568,	 1568,
	 1624,	 1624,	 1624,	 1624,	 1624,	 1624,	 1624,	 1624,
	 1624,	 1624,	 1624,	 1624,	 1624,	 1624,	 1624,	 1624,
	 1680,	 1680,	 1680,	 1680,	 1680,	 1680,	 1680,	 1680,
	 1680,	 1680,	 1680,	 1680,	 1680,	 1680,	 1680,	 1680,
	 1736,	 1736,	 1736,	 1736,	 1736,	 1736,	 1736,	 1736,
	 1736,	 1736,	 1736,	 1736,	 1736,	 1736,	 1736,	 1736,
	 1792,	 1792,	 1792,	 1792,	 1792,	 1792,	 1792,	 1792,
	 1792,	 1792,	 1792,	 1792,	 1792,	 1792,	 1792,	 1792,
	 1848,	 1848,	 1848,	 1848,	 1848,	 1848,	 1848,	 1848,
	 1848,	 1848,	 1848,	 1848,	 1848,	 1848,	 1848,	 1848,
	 1912,	 1912,	 1912,	 1912,	 1912,	 1912,	 1912,	 1912,
	 1912,	 1912,	 1912,	 1912,	 1912,	 1912,	 1912,	 1912,
	 1976,	 1976,	 1976,	 1976,	 1976,	 1976,	 1976,	 1976,
	 1976,	 1976,	 1976,	 1976,	 1976,	 1976,	 1976,	 1976,
	 2040,	 2040,	 2040,	 2040,	 2040,	 2040,	 2040,	 2040,
	 2040,	 2040,	 2040,	 2040,	 2040,	 2040,	 2040,	 2040,
};

